 -----------------------------------------------------------------------
  W            W            W              TTTTTTTTTTTTTTTTTTTT         
   W          W W          W                        TT                  
    W        W   W        W                         TT                  
     W      W     W      W                          TT                  
      W    W       W    W                           TT                  
       W  W         W  W                            TT                  
        WW           WW                             TT                  
        W             W                             TT                  
                                                                        
                        Welcome to WannierTools.                       
                             Version 2.7.1     
                   Tools for novel topological materials.               
                          Enjoy it and good luck.                       
                           Author : QuanSheng Wu                        
                        Email : wuquansheng@gmail.com                   
               Find more information on www.wanniertools.com            
 =======================================================================
                                                                        
 You are using     1 CPU cores
  
   
 >>>Read some paramters from wt.in
 You are using : TB     model
 Tight-binding Hamiltonian FROM: Hr File
 Is_Sparse_Hr=  F
 Tight-binding Hamiltonian filename : AgP2_phononTB_hr.dat     
 System of particle: phonon                   
 Tight-binding Hamiltonian obtained from package : QE                       
   
 >>>Control parameters: 
 BulkBand_line_calc                :  T
 BulkBand_plane_calc               :  F
 Landaulevel_unfold_line_calc      :  F
 BulkBand_unfold_line_calc         :  F
 BulkBand_unfold_plane_calc        :  F
 QPI_unfold_plane_calc             :  F
 BulkFatBand_calc                  :  F
 BulkBand_cube_calc                :  F
 BulkFS_calc                       :  F
 BulkFS_Plane_calc                 :  F
 BulkFS_plane_stack_calc           :  F
 BulkGap_cube_calc                 :  F
 BulkGap_plane_calc                :  F
 SlabBand_calc                     :  F
 SlabBandWaveFunc_calc             :  F
 SlabSS_calc                       :  F
 SlabArc_calc                      :  F
 SlabSpintexture_calc              :  F
 wanniercenter_calc                :  F
 BerryPhase_calc                   :  F
 BerryCurvature_calc               :  F
 BerryCurvature_EF_calc            :  F
 BerryCurvature_kpath_EF_calc      :  F
 BerryCurvature_kpath_Occupied_calc:  F
 BerryCurvature_Cube_calc          :  F
 BerryCurvature_slab_calc          :  F
 Dos_calc                          :  F
 Z2_3D_calc                        :  F
 WeylChirality_calc                :  F
 NLChirality_calc                  :  F
 Chern_3D_calc                     :  F
 MirrorChern_calc                  :  F
 JDos_calc                         :  F
 FindNodes_calc                    :  F
 EffectiveMass_calc                :  F
 AHC_calc                          :  F
 SHC_calc                          :  F
 Boltz_OHE_calc                    :  F
 Boltz_Berry_correction            :  F
 LOTO_correction                   :  T
 OrbitalTexture_calc               :  F
 OrbitalTexture_3D_calc            :  F
 LandauLevel_k_calc                :  F
 LandauLevel_B_calc                :  F
 LandauLevel_wavefunction_calc     :  F
 Fit_kp_calc                       :  F
 DMFT_MAG_calc                     :  F
 Translate_to_WS_calc              :  F
 LandauLevel_kplane_calc           :  F
 LandauLevel_k_dos_calc            :  F
 LandauLevel_B_dos_calc            :  F
 FermiLevel_calc                   :  F
 ANE_calc                      :  F
 Symmetry_Import_calc              :  F
 ChargeDensity_selected_bands_calc :  F
 ChargeDensity_selected_energies_calc :  F
 valley_projection_calc :  F
   
 >>>System parameters: 
 NumSlabs :    14
 Nslab1 for ribbon  :     1
 Nslab2 for ribbon  :     1
 Number of Occupied bands:    10
 Number of total electrons:   20.000000
 With SOC or not in Hrfile:     0
 Fermi energy (eV) :        0.000000
 surf_onsite (eV):         0.000000
 Add_Zeeman_Field: F
 Zeeman_energy_in_eV (eV):         0.000000
 Electric_field_in_eVpA (eV/Angstrom):         0.000000
 Symmetrical_Electric_field_in_eVpA (eV/Angstrom):         0.000000
 Inner_symmetrical_Electric_Field: F
 ijmax :    10
   
 **Notes**: There are two ways to specify magnetic field.
 1. specify Bmagnitude, Btheta, Bphi
 2. specify Bx, By, Bz
 Bmagnitude, Bx, By, Bz are real numbers in unit of Tesla. and Bx, By, Bz 
 are in the cartesian coordinates. Btheta is the angle with z axial 
  and Bphi is the angle with respect to x axial in the x-y plane
  Btheta is in [0, 180], Bphi is in [0, 360).
 If you specify both of them together, we will choose the first one.
 If choose the first one, but not specify Btheta, Bphi, then 
 by default we set Btheta=0, Bphi=0 which means B is along z direction.
  
  Warning: You didn't specify the magnitude of magnetic field.
  
 >>You did not specified the magnitude of magnetic field, 
  and also didn't set Bx, By, Bz. So we will set the magnetic direction
  from the settings of Btheta, Bphi.
  If you even didn't set Btheta, Bphi, we will take the default value, 
  Btheta=0, Bphi=0 which means B is along z direction
 >>You didn't set Btheta, and we set it to 0.
 >>You didn't set Bphi, and we set it to 0.
 Bmagnitude (in Tesla) :        1.000000
 Btheta, Bphi :        0.000000        0.000000
 Bx, By, Bz (in Tesla) :        0.000000        0.000000        1.000000
 B direction cosines :        0.000000        0.000000        1.000000
   
 >>>calculation parameters : 
 E_arc :        106.00000
 Eta_arc :          0.50000
 symprec :          0.00010
 EF_broadening :          0.05000
 Gap_threshold         0.00010
 OmegaMin :        100.00000
 OmegaMax :        110.00000
 OmegaNum :     50
 OmegaNum_unfold :    200
 Nk1 :    350
 Nk2 :    120
 Nk3 :     12
 NP number of principle layers  :      2
 Tmin(Kelvin)  :          0.00000
 Tmax(Kelvin)  :        100.00000
 NumT  :      1
 NBTau  :      1
 Beta  :        100.00000
 Nslice_BTau_Max  :   5000
 BTauMax(Tesla.ps)         0.00000
 Relaxation_Time_Tau (ps)         1.00000
 Rcut    999999.00000
 Magp               1
 iprint_level               1
 RKF45_PERIODIC_LEVEL            1.00
 Magp_min               0
 Magp_max               1
 wcc_calc_tol         0.08000
 wcc_neighbour_tol         0.30000
 NumLCZVecs   100
 NumSelectedEigenVals     0
 NumRandomConfs:     1
 Projection weight mode:NORMAL              
 The size of magnetic supercell is Magq= :      14
  
 We found LATTICE card
>> lattice information (Angstrom)
           a           b           c       alpha        beta       gamma
    6.136528    5.014699    7.748198   47.625949   60.140138   47.625949
 Three Lattice vectors of the unfolded cell: 
    6.136528    0.000000    0.000000
    0.000000    5.014699    0.000000
   -3.107979    0.000000    7.097537
>> Reciprocal lattice information (1/Angstrom)
           a           b           c       alpha        beta       gamma
    1.117764    1.252954    0.885263  170.075351  125.386371  170.075351
 Three reciprocal lattice vectors of the primitive cell: 
    1.023899   -0.000000    0.448361
    0.000000    1.252954   -0.000000
    0.000000    0.000000    0.885263
  
 We found ATOM_POSITIONS card
Origin_cell%Num_atoms   12
  
 Warning: You didn't specify the atom magnetic moment in the ATOMIC_POSITION card Or the format is wrong. So we set all the Atom-magnetic-moments to zero.
 
>> Atom position and magnetic moment of Original lattice
                                    Catesian(Ang)                  Fractional(Direct)         Magnetic moment
------------------------------------------------------------------------------------------------------------------
 index  Atom Name            x           y           z           a           b           c      Mx      My      Mz
------------------------------------------------------------------------------------------------------------------
     1  P1            2.330529    4.524636    2.968169    0.591585    0.902275    0.418197   0.000   0.000   0.000
     2  P2            2.252010    2.017287    0.580600    0.408415    0.402275    0.081803   0.000   0.000   0.000
     3  P3            0.698021    0.490063    4.129368    0.408415    0.097725    0.581803   0.000   0.000   0.000
     4  P4            0.776539    2.997413    6.516938    0.591585    0.597725    0.918197   0.000   0.000   0.000
     5  P5            1.971831    1.338706    5.698113    0.727937    0.266956    0.802830   0.000   0.000   0.000
     6  P6           -0.497271    3.846056    4.948193    0.272063    0.766956    0.697170   0.000   0.000   0.000
     7  P7            1.056718    3.675993    1.399424    0.272063    0.733044    0.197170   0.000   0.000   0.000
     8  P8            3.525821    1.168644    2.149345    0.727937    0.233044    0.302830   0.000   0.000   0.000
     9  Ag1           3.408311    2.738072    4.266129    0.859839    0.546009    0.601072   0.000   0.000   0.000
    10  Ag2          -1.933751    0.230723    6.380178    0.140161    0.046009    0.898928   0.000   0.000   0.000
    11  Ag3          -0.379761    2.276627    2.831409    0.140161    0.453991    0.398928   0.000   0.000   0.000
    12  Ag4           4.962300    4.783976    0.717360    0.859839    0.953991    0.101072   0.000   0.000   0.000
  
 We found PROJECTORS card
 >>Number of projectors per atoms:
     3     3     3     3     3     3     3     3     3     3
     3     3
P1      pz      px      py      
P2      pz      px      py      
P3      pz      px      py      
P4      pz      px      py      
P5      pz      px      py      
P6      pz      px      py      
P7      pz      px      py      
P8      pz      px      py      
Ag1     pz      px      py      
Ag2     pz      px      py      
Ag3     pz      px      py      
Ag4     pz      px      py      
  
 >> Wannier centers by default, in unit of unit lattice vectors
 iwann        R1        R2        R3         x         y         z
     1  0.591585  0.902275  0.418197  2.330529  4.524636  2.968169
     2  0.591585  0.902275  0.418197  2.330529  4.524636  2.968169
     3  0.591585  0.902275  0.418197  2.330529  4.524636  2.968169
     4  0.408415  0.402275  0.081803  2.252010  2.017287  0.580600
     5  0.408415  0.402275  0.081803  2.252010  2.017287  0.580600
     6  0.408415  0.402275  0.081803  2.252010  2.017287  0.580600
     7  0.408415  0.097725  0.581803  0.698021  0.490063  4.129368
     8  0.408415  0.097725  0.581803  0.698021  0.490063  4.129368
     9  0.408415  0.097725  0.581803  0.698021  0.490063  4.129368
    10  0.591585  0.597725  0.918197  0.776539  2.997413  6.516938
    11  0.591585  0.597725  0.918197  0.776539  2.997413  6.516938
    12  0.591585  0.597725  0.918197  0.776539  2.997413  6.516938
    13  0.727937  0.266956  0.802830  1.971831  1.338706  5.698113
    14  0.727937  0.266956  0.802830  1.971831  1.338706  5.698113
    15  0.727937  0.266956  0.802830  1.971831  1.338706  5.698113
    16  0.272063  0.766956  0.697170 -0.497271  3.846056  4.948193
    17  0.272063  0.766956  0.697170 -0.497271  3.846056  4.948193
    18  0.272063  0.766956  0.697170 -0.497271  3.846056  4.948193
    19  0.272063  0.733044  0.197170  1.056718  3.675993  1.399424
    20  0.272063  0.733044  0.197170  1.056718  3.675993  1.399424
    21  0.272063  0.733044  0.197170  1.056718  3.675993  1.399424
    22  0.727937  0.233044  0.302830  3.525821  1.168644  2.149345
    23  0.727937  0.233044  0.302830  3.525821  1.168644  2.149345
    24  0.727937  0.233044  0.302830  3.525821  1.168644  2.149345
    25  0.859839  0.546009  0.601072  3.408311  2.738072  4.266129
    26  0.859839  0.546009  0.601072  3.408311  2.738072  4.266129
    27  0.859839  0.546009  0.601072  3.408311  2.738072  4.266129
    28  0.140161  0.046009  0.898928 -1.933751  0.230723  6.380178
    29  0.140161  0.046009  0.898928 -1.933751  0.230723  6.380178
    30  0.140161  0.046009  0.898928 -1.933751  0.230723  6.380178
    31  0.140161  0.453991  0.398928 -0.379761  2.276627  2.831409
    32  0.140161  0.453991  0.398928 -0.379761  2.276627  2.831409
    33  0.140161  0.453991  0.398928 -0.379761  2.276627  2.831409
    34  0.859839  0.953991  0.101072  4.962300  4.783976  0.717360
    35  0.859839  0.953991  0.101072  4.962300  4.783976  0.717360
    36  0.859839  0.953991  0.101072  4.962300  4.783976  0.717360
 We didn't found LATTICE_UNFOLD card, so it is the same as the unit cell.
>> Folded lattice information (Angstrom)
           a           b           c       alpha        beta       gamma
    6.136528    5.014699    7.748198   47.625949   60.140138   47.625949
 Three Lattice vectors of unfolded cell: 
    6.136528    0.000000    0.000000
    0.000000    5.014699    0.000000
   -3.107979    0.000000    7.097537
>> Folded Reciprocal lattice information (1/Angstrom)
           a           b           c       alpha        beta       gamma
    1.117764    1.252954    0.885263  170.075351  125.386371  170.075351
 Three reciprocal lattice vectors of unfolded cell: 
    1.023899   -0.000000    0.448361
    0.000000    1.252954   -0.000000
    0.000000    0.000000    0.885263
 
>> The relation between the original lattice and the unfolded lattice
>> The cell volume ratio is:     1.000000
>> The lattice constant a ratio is:     1.000000
>> The lattice constant b ratio is:     1.000000
>> The lattice constant c ratio is:     1.000000
>> Origin_cell in unit of Folded_cell: R1      1.000000    0.000000    0.000000
>> Origin_cell in unit of Folded_cell: R2      0.000000    1.000000    0.000000
>> Origin_cell in unit of Folded_cell: R3      0.000000    0.000000    1.000000
 
 
>>> Atom position and magnetic moment of Unfolded lattice
                                    Catesian(Ang)                  Fractional(Direct)         Magnetic moment
------------------------------------------------------------------------------------------------------------------
 index  Atom Name            x           y           z           a           b           c      Mx      My      Mz
------------------------------------------------------------------------------------------------------------------
     1  P1            2.330529    4.524636    2.968169    0.591585    0.902275    0.418197   0.000   0.000   0.000
     2  P2            2.252010    2.017287    0.580600    0.408415    0.402275    0.081803   0.000   0.000   0.000
     3  P3            0.698021    0.490063    4.129368    0.408415    0.097725    0.581803   0.000   0.000   0.000
     4  P4            0.776539    2.997413    6.516938    0.591585    0.597725    0.918197   0.000   0.000   0.000
     5  P5            1.971831    1.338706    5.698113    0.727937    0.266956    0.802830   0.000   0.000   0.000
     6  P6           -0.497271    3.846056    4.948193    0.272063    0.766956    0.697170   0.000   0.000   0.000
     7  P7            1.056718    3.675993    1.399424    0.272063    0.733044    0.197170   0.000   0.000   0.000
     8  P8            3.525821    1.168644    2.149345    0.727937    0.233044    0.302830   0.000   0.000   0.000
     9  Ag1           3.408311    2.738072    4.266129    0.859839    0.546009    0.601072   0.000   0.000   0.000
    10  Ag2          -1.933751    0.230723    6.380178    0.140161    0.046009    0.898928   0.000   0.000   0.000
    11  Ag3          -0.379761    2.276627    2.831409    0.140161    0.453991    0.398928   0.000   0.000   0.000
    12  Ag4           4.962300    4.783976    0.717360    0.859839    0.953991    0.101072   0.000   0.000   0.000
  
 We found SURFACE card
 
>> new vectors to define the surface (in unit of lattice vector)
 The 1st vector on surface     :    1.000000    0.000000    0.000000
 The 2nd vector on surface     :    0.000000    1.000000    0.000000
 The 3rd vector out of surface :    0.000000    5.000000    5.000000
 
 Warnning: The Umatrix is wrongly set, the new cellvolume should be the same as the old ones. 
 cell_volume vs cell_volume-new 1473.9131 7369.5656
 However, don't worry, WannierTools will help you to find a suitable rotation matrix.
 I am looking for new unit cell atuomatically: 
   Congratulations, you got a unit cell that has  the same volume as the original unit cell 
  The unitary rotation matrix is : 
     1.000     0.000     0.000
     0.000     1.000     0.000
     1.000    -0.000     1.000
  
 The lattice vectors for new cell are : 
 R1=    11.596     0.000     0.000
 R2=     0.000     9.476     0.000
 R3=     5.723     0.000    13.412
  Where R1, R2, R3 are in cartesian coordinates
 
>> New SURFACE CARD:
 The 1st vector on surface     :    1.000000    0.000000    0.000000
 The 2nd vector on surface     :    0.000000    1.000000    0.000000
 The 3rd vector out of surface :    1.000000   -0.000000    1.000000
  
 The rotated new unit cell in cartesian coordinates : 
   11.596358    0.000000    0.000000
    0.000000    9.476408    0.000000
    5.723129    0.000000   13.412402
New cell's Volume is          218.41139Ang^3
  
 Fractional coordinates of atoms in units of new lattice vectors : 
P1      0.173388    0.902275    0.418197
P2      0.326612    0.402275    0.081803
P3      0.826612    0.097725    0.581803
P4      0.673388    0.597725    0.918197
P5      0.925108    0.266956    0.802830
P6      0.574892    0.766956    0.697170
P7      0.074892    0.733044    0.197170
P8      0.425108    0.233044    0.302830
Ag1     0.258768    0.546009    0.601072
Ag2     0.241232    0.046009    0.898928
Ag3     0.741232    0.453991    0.398928
Ag4     0.758768    0.953991    0.101072
  
 
 >> Top surface atom is      4 P4        
 
 2D Primitive Cell_Volume:    30.772841112735652     
 Ra2, Rb2
    6.1365    0.0000
    0.0000    5.0147
 Ka2, Kb2
    0.2867   -0.0000
   -0.0000    0.3509
>> lattice information of the magnetic supercell (Angstrom)
    6.136528    0.000000    0.000000
    0.000000    5.014699    0.000000
   42.399689    0.000000   99.365524
>> Reciprocal lattice information of the magnetic supercell (1/Angstrom)
    1.023899    0.000000   -0.436902
    0.000000    1.252954    0.000000
    0.000000    0.000000    0.063233
  
3D Primitive Origin_cell%CellVolume:     218.41139054 in Angstrom^3
3D Magnetic supercell Volume:    3057.75946756 in Angstrom^3
Projected area of magnetic supercell normal to the first vector specifed in SURFACE card:    1779.41940185 in Angstrom^2
  
 We found KPATH_BULK card
Number of K lines :    10
 E      0.5000   0.5000   0.5000  A       0.5000   0.0000   0.5000
 A      0.5000   0.0000   0.5000  G       0.0000   0.0000   0.0000
 G      0.0000   0.0000   0.0000  B       0.0000   0.0000   0.5000
 B      0.0000   0.0000   0.5000  D       0.0000   0.5000   0.5000
 D      0.0000   0.5000   0.5000  C2      0.5000   0.5000   0.0000
 C2     0.5000   0.5000   0.0000  Z       0.0000   0.5000   0.0000
 Z      0.0000   0.5000   0.0000  G       0.0000   0.0000   0.0000
 G      0.0000   0.0000   0.0000  Y2      0.5000   0.0000   0.0000
 Y2     0.5000   0.0000   0.0000  C2      0.5000   0.5000   0.0000
 C2     0.5000   0.5000   0.0000  E       0.5000   0.5000   0.5000
  
 We found KPATH_SLAB card
 k lines for 2D system
 No. of k lines for 2D system :            5
  G     0.00000  0.00000    X       0.50000  0.00000
  X     0.50000  0.00000    M       0.50000  0.50000
  M     0.50000  0.50000    Y       0.00000  0.50000
  Y     0.00000  0.50000    G       0.00000  0.00000
  G     0.00000  0.00000    M       0.50000  0.50000
  
 We found KPLANE_SLAB card
 >> Kpoints plane for 2D system--> arcs  
K2D_start: -0.5000 -0.5000
The first vector:   1.0000  0.0000
The second vector:   0.0000  1.0000
  
 We found KPLANE_BULK card
 >> Kpoints plane for 3D system--> gapshape  
k3D_start :   0.0000  0.0000  0.0000
The 1st vector:   0.0000  0.0000  1.0000
The 2nd vector:   0.0000  1.0000  0.0000
  
 We found KCUBE_BULK card
 >> Kpoints cube for 3D system--> gapshape3D  
k3D_start : -0.5000 -0.5000 -0.5000
The 1st vector:   1.0000  0.0000  0.0000
The 2nd vector:   0.0000  1.0000  0.0000
The 3rd vector:   0.0000  0.0000  1.0000
kCubeVolume:   1.1357
ReciprocalOrigin_cell%CellVolume:   1.1357
  
  
 >> Using default parameters for Kpoint_3D
>> k points  0.0000 0.0000 0.0000 in unit of reciprocal primitive cell
>> k points  0.0000 0.0000 0.0000 in Cartesian coordinates
  
 >> Using default parameters for effective mass calculation
 >> Effective mass calculation parameters  
>> The    10'th band
>> k step  0.0100 in unit of 1/Angstrom
>> k points  0.0000 0.0000 0.0000 in unit of reciprocal primitive cell
>> k points  0.0000 0.0000 0.0000 in unit of 1/Angstrom
  
 We found KPOINTS_3D card
 
KPOINTS_3D positions
     index        kx        ky        kz        k1        k2        k3
       1       0.51195   0.62648   0.66681   0.50000   0.50000   0.50000
       2       0.51195   0.00000   0.66681   0.50000   0.00000   0.50000
       3       0.00000   0.00000   0.00000   0.00000   0.00000   0.00000
       4       0.00000   0.00000   0.44263   0.00000   0.00000   0.50000
       5       0.00000   0.62648   0.44263   0.00000   0.50000   0.50000
       6       0.51195   0.62648   0.22418   0.50000   0.50000   0.00000
       7       0.00000   0.62648   0.00000   0.00000   0.50000   0.00000
       8       0.00000   0.00000   0.00000   0.00000   0.00000   0.00000
       9       0.51195   0.00000   0.22418   0.50000   0.00000   0.00000
      10       0.51195   0.62648   0.22418   0.50000   0.50000   0.00000
 
  
  
 >> We use the default values for k3points_unfold_pointmode_direct=[0,0,0]
 >> and Nk3_unfold_point_mode = 1
  
 >> We use the default values for Single_KPOINT_2D_DIRECT=[0,0]
  
 >> We use the default values for Single_KPOINT_3D_DIRECT=[0,0,0]
 >> Output all atoms weight for surface state spectrum
 > NtopAtoms           12
> TopAtoms 
     1     2     3     4     5     6     7     8     9    10
    11    12
> NbottomAtoms         12
> BottomAtoms 
     1     2     3     4     5     6     7     8     9    10
    11    12
 > NtopOrbitals           36
> TopOrbitals 
     1     2     3     4     5     6     7     8     9    10
    11    12    13    14    15    16    17    18    19    20
    21    22    23    24    25    26    27    28    29    30
    31    32    33    34    35    36
> NBottomOrbitals   36
> BottomOrbitals 
     1     2     3     4     5     6     7     8     9    10
    11    12    13    14    15    16    17    18    19    20
    21    22    23    24    25    26    27    28    29    30
    31    32    33    34    35    36
  
 >> We do not calculate chirality for nodal lines
  
 We found WEYL_CHIRALITY card
 
Weyl point positions
        kx        ky        kz        k1        k2        k3
   0.00000   0.00000   0.00000   0.00000   0.00000   0.00000
 
  
  
>> There are    1 groups of SelectedAtoms
Group :   1
>> Number of atoms selected        12
>> Selected atoms are
    1  P1            2  P2            3  P3            4  P4            5  P5            6  P6            7  P7            8  P8            9  Ag1          10  Ag2       
   11  Ag3          12  Ag4       
  
>> There are   1 groups of SelectedOrbitals
 >> SelectedOrbitals
>> Number of orbitals selected (exclude spin degenarcy)        36
>> Orbitals are
       1       2       3       4       5       6       7       8       9      10      11      12
      13      14      15      16      17      18      19      20      21      22      23      24
      25      26      27      28      29      30      31      32      33      34      35      36
  
 >> SELECTED_OCCUPIED_BANDS
>> Number of Occupied bands selected         10
>> OccupiedBand indices are
     1     2     3     4     5     6     7     8     9    10
  
  
 >> SELECTEDBANDS
>> Number of bands selected         36
>> Band indices are
     1     2     3     4     5     6     7     8     9    10    11    12
    13    14    15    16    17    18    19    20    21    22    23    24
    25    26    27    28    29    30    31    32    33    34    35    36
  
  
 We found ATOM_MASS card
There are        12kind of atoms
Each type have         1 atoms
And their mass is   30.973762
Each type have         1 atoms
And their mass is   30.973762
Each type have         1 atoms
And their mass is   30.973762
Each type have         1 atoms
And their mass is   30.973762
Each type have         1 atoms
And their mass is   30.973762
Each type have         1 atoms
And their mass is   30.973762
Each type have         1 atoms
And their mass is   30.973762
Each type have         1 atoms
And their mass is   30.973762
Each type have         1 atoms
And their mass is  107.868200
Each type have         1 atoms
And their mass is  107.868200
Each type have         1 atoms
And their mass is  107.868200
Each type have         1 atoms
And their mass is  107.868200
  
 We found LOTO_DT card for LOTO correction
Diele_tensor(1,:)    14.58137     0.00000    -0.04397
Diele_tensor(2,:)     0.00000     6.88603     0.00000
Diele_tensor(3,:)    -0.04397     0.00000    15.58565
  
 We found LOTO_BC card for LOTO correction
Born_Charge for atom   1  P1    
     0.08924     0.46923    -0.42715
     0.36412     0.57468    -0.12403
    -0.36867    -0.18621     0.22640
Born_Charge for atom   2  P2    
     0.08924    -0.46923    -0.42715
    -0.36412     0.57468     0.12403
    -0.36867     0.18621     0.22640
Born_Charge for atom   3  P3    
     0.08924     0.46923    -0.42715
     0.36412     0.57468    -0.12403
    -0.36867    -0.18621     0.22640
Born_Charge for atom   4  P4    
     0.08924    -0.46923    -0.42715
    -0.36412     0.57468     0.12403
    -0.36867     0.18621     0.22640
Born_Charge for atom   5  P5    
    -0.59566     0.07634     0.18462
    -0.31706    -1.08212    -0.22210
     0.33938    -0.05024    -0.68004
Born_Charge for atom   6  P6    
    -0.59566    -0.07634     0.18462
     0.31706    -1.08212     0.22210
     0.33938     0.05024    -0.68004
Born_Charge for atom   7  P7    
    -0.59566     0.07634     0.18462
    -0.31706    -1.08212    -0.22210
     0.33938    -0.05024    -0.68004
Born_Charge for atom   8  P8    
    -0.59566    -0.07634     0.18462
     0.31706    -1.08212     0.22210
     0.33938     0.05024    -0.68004
Born_Charge for atom   9  Ag1   
     0.50644     0.07597     0.24247
     0.44122     0.50323     0.22140
     0.02925     0.09012     0.45371
Born_Charge for atom  10  Ag2   
     0.50644    -0.07597     0.24247
    -0.44122     0.50323    -0.22140
     0.02925    -0.09012     0.45371
Born_Charge for atom  11  Ag3   
     0.50644     0.07597     0.24247
     0.44122     0.50323     0.22140
     0.02925     0.09012     0.45371
Born_Charge for atom  12  Ag4   
     0.50644    -0.07597     0.24247
    -0.44122     0.50323    -0.22140
     0.02925    -0.09012     0.45371
 <<<Read wt.in file successfully
 Time cost for readinput is about            0.005 s
  
 >> We finished the symmetry reducing of the kpoints in the kcube
  Number of kpoints mesh is     504000
  Number of symmetry reduced kpoints is          0
  
 Time cost for symmetry is about            0.000 s
  >> Begin to read Hmn_R.data
  
>>: Center position for zero electrical potential for adding electrical field    0.500000    0.500000    0.500000
 
  Note: This is not a 2D system or E=0, so we can't add electric field.
 
 
 >> Hopping parameters in the home unit cell
 >> H00= Hmn(R=0) real part
  4.010  0.080  0.134  0.138 -0.062  0.105  0.033  0.008  0.023  0.039 -0.020 -0.020 -0.011 -0.039  0.021 -0.105 -0.043  0.051 -1.259 -0.304 -1.030  0.002  0.082  0.042 -0.100  0.211 -0.143 -0.000  0.002  0.002 -0.038 -0.024  0.006 -0.036 -0.002  0.028
  0.080  3.944  0.016 -0.002 -0.206 -0.133  0.008 -0.019 -0.009 -0.048  0.033  0.010 -0.016 -0.062  0.065 -0.104  0.060  0.077 -0.448 -0.411 -0.541  0.034 -0.121 -0.062  0.175 -0.302  0.227 -0.005  0.001  0.005 -0.038 -0.032  0.002 -0.006  0.019  0.009
  0.134  0.016  3.607  0.082 -0.197 -0.082  0.023 -0.009  0.005 -0.001 -0.018 -0.011  0.027  0.097 -0.052  0.087  0.081 -0.049 -1.012 -0.418 -1.472  0.011  0.008 -0.007 -0.113  0.211 -0.142 -0.003  0.002 -0.000 -0.002 -0.000  0.038  0.027 -0.002 -0.027
  0.138 -0.002  0.082  4.010 -0.080  0.134  0.039 -0.048 -0.001  0.009 -0.009  0.003 -0.007  0.013  0.008  0.009 -0.001 -0.010 -0.915  0.943  0.369 -1.259  0.304 -1.030 -0.001 -0.010 -0.029 -0.002  0.001  0.001 -0.036  0.002  0.028 -0.027 -0.021  0.000
 -0.062 -0.206 -0.197 -0.080  3.944 -0.016 -0.020  0.033 -0.018 -0.009  0.030 -0.002  0.004 -0.023 -0.011 -0.012  0.007  0.030  0.754 -1.350 -0.656  0.448 -0.411  0.541 -0.004  0.019  0.024  0.000  0.002 -0.000  0.006  0.019 -0.009 -0.015 -0.007 -0.001
  0.105 -0.133 -0.082  0.134 -0.016  3.607 -0.020  0.010 -0.011  0.003 -0.002 -0.006 -0.002 -0.008 -0.007  0.002 -0.001 -0.003  0.179 -0.627 -0.586 -1.012  0.418 -1.472 -0.014 -0.008 -0.027 -0.000 -0.002  0.000  0.027  0.002 -0.027  0.004  0.004  0.005
  0.033  0.008  0.023  0.039 -0.020 -0.020  4.010  0.080  0.134  0.138 -0.062  0.105 -1.259 -0.304 -1.030  0.002  0.082  0.042 -0.011 -0.039  0.021 -0.105 -0.043  0.051 -0.038 -0.024  0.006 -0.036 -0.002  0.028 -0.100  0.211 -0.143 -0.000  0.002  0.002
  0.008 -0.019 -0.009 -0.048  0.033  0.010  0.080  3.944  0.016 -0.002 -0.206 -0.133 -0.448 -0.411 -0.541  0.034 -0.121 -0.062 -0.016 -0.062  0.065 -0.104  0.060  0.077 -0.038 -0.032  0.002 -0.006  0.019  0.009  0.175 -0.302  0.227 -0.005  0.001  0.005
  0.023 -0.009  0.005 -0.001 -0.018 -0.011  0.134  0.016  3.607  0.082 -0.197 -0.082 -1.012 -0.418 -1.472  0.011  0.008 -0.007  0.027  0.097 -0.052  0.087  0.081 -0.049 -0.002 -0.000  0.038  0.027 -0.002 -0.027 -0.113  0.211 -0.142 -0.003  0.002 -0.000
  0.039 -0.048 -0.001  0.009 -0.009  0.003  0.138 -0.002  0.082  4.010 -0.080  0.134 -0.915  0.943  0.369 -1.259  0.304 -1.030 -0.007  0.013  0.008  0.009 -0.001 -0.010 -0.036  0.002  0.028 -0.027 -0.021  0.000 -0.001 -0.010 -0.029 -0.002  0.001  0.001
 -0.020  0.033 -0.018 -0.009  0.030 -0.002 -0.062 -0.206 -0.197 -0.080  3.944 -0.016  0.754 -1.350 -0.656  0.448 -0.411  0.541  0.004 -0.023 -0.011 -0.012  0.007  0.030  0.006  0.019 -0.009 -0.015 -0.007 -0.001 -0.004  0.019  0.024  0.000  0.002 -0.000
 -0.020  0.010 -0.011  0.003 -0.002 -0.006  0.105 -0.133 -0.082  0.134 -0.016  3.607  0.179 -0.627 -0.586 -1.012  0.418 -1.472 -0.002 -0.008 -0.007  0.002 -0.001 -0.003  0.027  0.002 -0.027  0.004  0.004  0.005 -0.014 -0.008 -0.027 -0.000 -0.002  0.000
 -0.011 -0.016  0.027 -0.007  0.004 -0.002 -1.259 -0.448 -1.012 -0.915  0.754  0.179  3.370 -0.347  0.476 -0.115  0.153 -0.005 -0.008 -0.001  0.004 -0.023  0.002  0.081 -0.178 -0.231  0.209  0.002  0.011 -0.002 -0.007  0.001 -0.004  0.003 -0.005  0.002
 -0.039 -0.062  0.097  0.013 -0.023 -0.008 -0.304 -0.411 -0.418  0.943 -1.350 -0.627 -0.347  3.061  0.619  0.105 -0.168  0.065 -0.001 -0.003 -0.005 -0.008 -0.003 -0.020 -0.189 -0.196  0.191 -0.001  0.001 -0.000  0.003  0.013 -0.004 -0.003  0.002 -0.003
  0.021  0.065 -0.052  0.008 -0.011 -0.007 -1.030 -0.541 -1.472  0.369 -0.656 -0.586  0.476  0.619  3.291 -0.060  0.038  0.096  0.004 -0.005  0.010  0.042 -0.042 -0.124  0.204  0.212 -0.227 -0.002 -0.001 -0.002 -0.017  0.004 -0.027  0.001 -0.004  0.001
 -0.105 -0.104  0.087  0.009 -0.012  0.002  0.002  0.034  0.011 -1.259  0.448 -1.012 -0.115  0.105 -0.060  3.370  0.347  0.476 -0.023 -0.008  0.042  0.001 -0.001  0.001  0.002 -0.011 -0.002  0.001 -0.005  0.005  0.007 -0.010 -0.027 -0.005 -0.005 -0.002
 -0.043  0.060  0.081 -0.001  0.007 -0.001  0.082 -0.121  0.008  0.304 -0.411  0.418  0.153 -0.168  0.038  0.347  3.061 -0.619  0.002 -0.003 -0.042 -0.001 -0.000 -0.004  0.001  0.001  0.000  0.001 -0.007  0.005  0.024 -0.080 -0.104  0.002  0.002 -0.002
  0.051  0.077 -0.049 -0.010  0.030 -0.003  0.042 -0.062 -0.007 -1.030  0.541 -1.472 -0.005  0.065  0.096  0.476 -0.619  3.291  0.081 -0.020 -0.124  0.001 -0.004 -0.006 -0.002  0.001 -0.002 -0.000  0.003  0.001  0.012 -0.087 -0.105  0.003  0.001 -0.000
 -1.259 -0.448 -1.012 -0.915  0.754  0.179 -0.011 -0.016  0.027 -0.007  0.004 -0.002 -0.008 -0.001  0.004 -0.023  0.002  0.081  3.370 -0.347  0.476 -0.115  0.153 -0.005 -0.007  0.001 -0.004  0.003 -0.005  0.002 -0.178 -0.231  0.209  0.002  0.011 -0.002
 -0.304 -0.411 -0.418  0.943 -1.350 -0.627 -0.039 -0.062  0.097  0.013 -0.023 -0.008 -0.001 -0.003 -0.005 -0.008 -0.003 -0.020 -0.347  3.061  0.619  0.105 -0.168  0.065  0.003  0.013 -0.004 -0.003  0.002 -0.003 -0.189 -0.196  0.191 -0.001  0.001 -0.000
 -1.030 -0.541 -1.472  0.369 -0.656 -0.586  0.021  0.065 -0.052  0.008 -0.011 -0.007  0.004 -0.005  0.010  0.042 -0.042 -0.124  0.476  0.619  3.291 -0.060  0.038  0.096 -0.017  0.004 -0.027  0.001 -0.004  0.001  0.204  0.212 -0.227 -0.002 -0.001 -0.002
  0.002  0.034  0.011 -1.259  0.448 -1.012 -0.105 -0.104  0.087  0.009 -0.012  0.002 -0.023 -0.008  0.042  0.001 -0.001  0.001 -0.115  0.105 -0.060  3.370  0.347  0.476  0.007 -0.010 -0.027 -0.005 -0.005 -0.002  0.002 -0.011 -0.002  0.001 -0.005  0.005
  0.082 -0.121  0.008  0.304 -0.411  0.418 -0.043  0.060  0.081 -0.001  0.007 -0.001  0.002 -0.003 -0.042 -0.001 -0.000 -0.004  0.153 -0.168  0.038  0.347  3.061 -0.619  0.024 -0.080 -0.104  0.002  0.002 -0.002  0.001  0.001  0.000  0.001 -0.007  0.005
  0.042 -0.062 -0.007 -1.030  0.541 -1.472  0.051  0.077 -0.049 -0.010  0.030 -0.003  0.081 -0.020 -0.124  0.001 -0.004 -0.006 -0.005  0.065  0.096  0.476 -0.619  3.291  0.012 -0.087 -0.105  0.003  0.001 -0.000 -0.002  0.001 -0.002 -0.000  0.003  0.001
 -0.100  0.175 -0.113 -0.001 -0.004 -0.014 -0.038 -0.038 -0.002 -0.036  0.006  0.027 -0.178 -0.189  0.204  0.002  0.001 -0.002 -0.007  0.003 -0.017  0.007  0.024  0.012  0.431  0.030 -0.095  0.006 -0.001  0.004 -0.006 -0.000 -0.003 -0.001  0.000 -0.000
  0.211 -0.302  0.211 -0.010  0.019 -0.008 -0.024 -0.032 -0.000  0.002  0.019  0.002 -0.231 -0.196  0.212 -0.011  0.001  0.001  0.001  0.013  0.004 -0.010 -0.080 -0.087  0.030  0.332 -0.143  0.000 -0.003 -0.001 -0.000  0.003  0.002 -0.001 -0.002  0.003
 -0.143  0.227 -0.142 -0.029  0.024 -0.027  0.006  0.002  0.038  0.028 -0.009 -0.027  0.209  0.191 -0.227 -0.002  0.000 -0.002 -0.004 -0.004 -0.027 -0.027 -0.104 -0.105 -0.095 -0.143  0.342 -0.001 -0.001  0.000 -0.003  0.002  0.004  0.001  0.004 -0.004
 -0.000 -0.005 -0.003 -0.002  0.000 -0.000 -0.036 -0.006  0.027 -0.027 -0.015  0.004  0.002 -0.001 -0.002  0.001  0.001 -0.000  0.003 -0.003  0.001 -0.005  0.002  0.003  0.006  0.000 -0.001  0.431 -0.030 -0.095 -0.001 -0.001  0.001 -0.001  0.000 -0.000
  0.002  0.001  0.002  0.001  0.002 -0.002 -0.002  0.019 -0.002 -0.021 -0.007  0.004  0.011  0.001 -0.001 -0.005 -0.007  0.003 -0.005  0.002 -0.004 -0.005  0.002  0.001 -0.001 -0.003 -0.001 -0.030  0.332  0.143  0.000 -0.002  0.004  0.000  0.001  0.001
  0.002  0.005 -0.000  0.001 -0.000  0.000  0.028  0.009 -0.027  0.000 -0.001  0.005 -0.002 -0.000 -0.002  0.005  0.005  0.001  0.002 -0.003  0.001 -0.002 -0.002 -0.000  0.004 -0.001  0.000 -0.095  0.143  0.342 -0.000  0.003 -0.004 -0.000  0.001 -0.002
 -0.038 -0.038 -0.002 -0.036  0.006  0.027 -0.100  0.175 -0.113 -0.001 -0.004 -0.014 -0.007  0.003 -0.017  0.007  0.024  0.012 -0.178 -0.189  0.204  0.002  0.001 -0.002 -0.006 -0.000 -0.003 -0.001  0.000 -0.000  0.431  0.030 -0.095  0.006 -0.001  0.004
 -0.024 -0.032 -0.000  0.002  0.019  0.002  0.211 -0.302  0.211 -0.010  0.019 -0.008  0.001  0.013  0.004 -0.010 -0.080 -0.087 -0.231 -0.196  0.212 -0.011  0.001  0.001 -0.000  0.003  0.002 -0.001 -0.002  0.003  0.030  0.332 -0.143  0.000 -0.003 -0.001
  0.006  0.002  0.038  0.028 -0.009 -0.027 -0.143  0.227 -0.142 -0.029  0.024 -0.027 -0.004 -0.004 -0.027 -0.027 -0.104 -0.105  0.209  0.191 -0.227 -0.002  0.000 -0.002 -0.003  0.002  0.004  0.001  0.004 -0.004 -0.095 -0.143  0.342 -0.001 -0.001  0.000
 -0.036 -0.006  0.027 -0.027 -0.015  0.004 -0.000 -0.005 -0.003 -0.002  0.000 -0.000  0.003 -0.003  0.001 -0.005  0.002  0.003  0.002 -0.001 -0.002  0.001  0.001 -0.000 -0.001 -0.001  0.001 -0.001  0.000 -0.000  0.006  0.000 -0.001  0.431 -0.030 -0.095
 -0.002  0.019 -0.002 -0.021 -0.007  0.004  0.002  0.001  0.002  0.001  0.002 -0.002 -0.005  0.002 -0.004 -0.005  0.002  0.001  0.011  0.001 -0.001 -0.005 -0.007  0.003  0.000 -0.002  0.004  0.000  0.001  0.001 -0.001 -0.003 -0.001 -0.030  0.332  0.143
  0.028  0.009 -0.027  0.000 -0.001  0.005  0.002  0.005 -0.000  0.001 -0.000  0.000  0.002 -0.003  0.001 -0.002 -0.002 -0.000 -0.002 -0.000 -0.002  0.005  0.005  0.001 -0.000  0.003 -0.004 -0.000  0.001 -0.002  0.004 -0.001  0.000 -0.095  0.143  0.342
 
 >> H00= Hmn(R=0) imagary part
  0.000  0.000  0.000  0.000  0.000  0.000  0.000  0.000  0.000  0.000  0.000  0.000  0.000  0.000  0.000  0.000  0.000  0.000  0.000  0.000  0.000  0.000  0.000  0.000  0.000  0.000  0.000  0.000  0.000  0.000  0.000  0.000  0.000  0.000  0.000  0.000
  0.000  0.000  0.000  0.000  0.000  0.000  0.000  0.000  0.000  0.000  0.000  0.000  0.000  0.000  0.000  0.000  0.000  0.000  0.000  0.000  0.000  0.000  0.000  0.000  0.000  0.000  0.000  0.000  0.000  0.000  0.000  0.000  0.000  0.000  0.000  0.000
  0.000  0.000  0.000  0.000  0.000  0.000  0.000  0.000  0.000  0.000  0.000  0.000  0.000  0.000  0.000  0.000  0.000  0.000  0.000  0.000  0.000  0.000  0.000  0.000  0.000  0.000  0.000  0.000  0.000  0.000  0.000  0.000  0.000  0.000  0.000  0.000
  0.000  0.000  0.000  0.000  0.000  0.000  0.000  0.000  0.000  0.000  0.000  0.000  0.000  0.000  0.000  0.000  0.000  0.000  0.000  0.000  0.000  0.000  0.000  0.000  0.000  0.000  0.000  0.000  0.000  0.000  0.000  0.000  0.000  0.000  0.000  0.000
  0.000  0.000  0.000  0.000  0.000  0.000  0.000  0.000  0.000  0.000  0.000  0.000  0.000  0.000  0.000  0.000  0.000  0.000  0.000  0.000  0.000  0.000  0.000  0.000  0.000  0.000  0.000  0.000  0.000  0.000  0.000  0.000  0.000  0.000  0.000  0.000
  0.000  0.000  0.000  0.000  0.000  0.000  0.000  0.000  0.000  0.000  0.000  0.000  0.000  0.000  0.000  0.000  0.000  0.000  0.000  0.000  0.000  0.000  0.000  0.000  0.000  0.000  0.000  0.000  0.000  0.000  0.000  0.000  0.000  0.000  0.000  0.000
  0.000  0.000  0.000  0.000  0.000  0.000  0.000  0.000  0.000  0.000  0.000  0.000  0.000  0.000  0.000  0.000  0.000  0.000  0.000  0.000  0.000  0.000  0.000  0.000  0.000  0.000  0.000  0.000  0.000  0.000  0.000  0.000  0.000  0.000  0.000  0.000
  0.000  0.000  0.000  0.000  0.000  0.000  0.000  0.000  0.000  0.000  0.000  0.000  0.000  0.000  0.000  0.000  0.000  0.000  0.000  0.000  0.000  0.000  0.000  0.000  0.000  0.000  0.000  0.000  0.000  0.000  0.000  0.000  0.000  0.000  0.000  0.000
  0.000  0.000  0.000  0.000  0.000  0.000  0.000  0.000  0.000  0.000  0.000  0.000  0.000  0.000  0.000  0.000  0.000  0.000  0.000  0.000  0.000  0.000  0.000  0.000  0.000  0.000  0.000  0.000  0.000  0.000  0.000  0.000  0.000  0.000  0.000  0.000
  0.000  0.000  0.000  0.000  0.000  0.000  0.000  0.000  0.000  0.000  0.000  0.000  0.000  0.000  0.000  0.000  0.000  0.000  0.000  0.000  0.000  0.000  0.000  0.000  0.000  0.000  0.000  0.000  0.000  0.000  0.000  0.000  0.000  0.000  0.000  0.000
  0.000  0.000  0.000  0.000  0.000  0.000  0.000  0.000  0.000  0.000  0.000  0.000  0.000  0.000  0.000  0.000  0.000  0.000  0.000  0.000  0.000  0.000  0.000  0.000  0.000  0.000  0.000  0.000  0.000  0.000  0.000  0.000  0.000  0.000  0.000  0.000
  0.000  0.000  0.000  0.000  0.000  0.000  0.000  0.000  0.000  0.000  0.000  0.000  0.000  0.000  0.000  0.000  0.000  0.000  0.000  0.000  0.000  0.000  0.000  0.000  0.000  0.000  0.000  0.000  0.000  0.000  0.000  0.000  0.000  0.000  0.000  0.000
